   2.0000000e+00   2.4252833e-02   8.3471096e-01   1.3703770e-02   9.3385940e-01  -1.3317996e-01   2.1190538e+00
   1.0000000e+00   1.2184770e+00   2.2281614e+00  -9.0427545e-02   7.5119252e-01  -9.4887123e-01  -6.3047705e-01
   2.0000000e+00  -3.1702864e-01  -1.1158406e+00   1.4967611e-01   9.3060385e-01   1.3509183e-01  -1.6861810e+00
   2.0000000e+00   1.6727010e+00  -1.0477944e+00  -2.4251369e-01  -7.0154520e-01   3.0788602e-01   1.5167415e+00
   2.0000000e+00  -7.5159074e-01   1.1782927e+00   5.6674257e-01  -7.9852003e-01   1.4431822e+00   2.4817783e-01
   2.0000000e+00   1.4350953e+00   8.5242426e-01  -5.6105351e-01   2.0045101e+00   2.6549931e-01  -4.0928490e-01
   2.0000000e+00  -2.0711535e+00  -1.1673996e+00   2.0316403e-01   8.1130659e-01   5.8012427e-01   6.4029518e-01
   2.0000000e+00  -9.5742913e-01   1.0386158e-01   1.0088443e+00  -1.2018085e-01   5.0795404e-01  -8.5762280e-01
   2.0000000e+00   1.0639080e-01  -1.4641296e+00  -1.9219902e-01   1.7960516e+00  -3.8401727e-02  -7.1497925e-01
   2.0000000e+00  -1.4275002e+00  -2.5879658e-01  -1.3411140e+00   2.7428578e-01   2.8956463e-02   1.3976961e+00
   2.0000000e+00  -2.8384043e+00  -1.1138902e-01   6.7586995e-01   3.2349035e-01   2.4722669e+00   5.4261422e-02
   1.0000000e+00   4.6944256e-01  -4.0686293e-01  -2.5877993e-01   7.2993733e-01   1.8908384e+00  -4.4290827e-01
   2.0000000e+00  -8.1744493e-01   5.4205001e-01   5.5012178e-01   3.5443549e-01  -5.7149515e-01  -1.0025630e+00
   2.0000000e+00  -1.8607850e+00  -7.1044694e-01   8.4306422e-01   1.4537465e+00  -1.0395518e-01  -1.0039872e+00
   2.0000000e+00   1.7964028e-01   3.6374680e-01   8.3251484e-01   2.3808525e+00   9.9177500e-01  -1.0162154e+00
   2.0000000e+00   1.3253171e+00  -1.1534243e+00   1.0493461e+00  -2.5444684e+00  -1.1325460e+00  -7.4095564e-01
   2.0000000e+00  -6.1470439e-01  -9.4804442e-01  -4.2482330e-01   7.4058772e-01   2.0969330e-01  -2.2108456e+00
   2.0000000e+00   1.0834706e+00  -5.6972442e-01  -1.0103978e+00   3.7392606e-03  -2.5273632e-01   1.5742741e+00
   2.0000000e+00   9.3172127e-01   3.5731118e-03   1.2242243e+00  -1.8134011e+00   1.0414031e+00  -9.0604863e-02
   2.0000000e+00  -2.3370157e+00   7.2271109e-01   5.6934722e-01  -6.8980207e-01   7.9703553e-01   1.0237643e-01
   2.0000000e+00  -1.5242406e+00  -3.1351070e-01   1.5155190e-01  -1.4493144e+00  -7.2458599e-01   1.0833962e+00
   1.0000000e+00   5.6724411e-02  -3.0046027e-01   1.6488398e+00   5.6588787e-01   1.2720873e+00   2.9853613e-01
   2.0000000e+00   3.0439197e-01   1.3396324e+00  -4.7739349e-01  -1.4507888e+00   2.9605341e-01  -1.8351091e+00
   2.0000000e+00   2.1176845e+00  -1.6056669e-01   1.8596176e+00  -1.8947350e+00   8.6949584e-01  -5.7527893e-01
   2.0000000e+00  -2.0538032e+00   1.0699070e+00  -1.0325195e+00  -1.9057544e+00  -5.9217070e-01   6.2715715e-01
   2.0000000e+00   1.8692064e+00   4.3371392e-01   2.8198183e+00   6.5032686e-03  -1.0668234e-01   2.0384507e+00
   2.0000000e+00  -1.5839626e-01   1.4768971e-01  -1.3578454e+00  -1.5060131e+00  -1.2187464e+00   7.1080636e-01
   2.0000000e+00   1.0811174e+00  -4.3627374e-01  -4.9096938e-01  -4.2064689e-02   5.1538193e-01  -2.9997967e-01
   2.0000000e+00  -3.3466374e-01  -4.8925110e-01  -6.0440059e-02  -1.7445259e-01  -9.2502366e-01  -1.9535171e+00
   2.0000000e+00   1.3356260e+00  -5.8702225e-01  -6.8778633e-03   1.2410137e+00  -1.3234816e-01   3.9438823e-01
   1.0000000e+00   1.3838396e+00   2.3465362e-01   3.7641352e-01   1.2785357e-01   6.5427351e-01   4.3559392e-01
   2.0000000e+00  -2.0407628e-02  -1.6579296e+00  -1.1791997e+00   1.4802929e+00  -1.0290569e+00  -3.8549747e-01
   1.0000000e+00   1.5936009e+00  -3.6672936e-02  -6.1812862e-01   7.3643383e-01   4.2901022e-01   9.5385353e-02
   2.0000000e+00  -2.7255633e-01   3.7254005e-01  -1.4201798e+00   4.4219690e-01   2.4067059e+00   1.5121537e+00
   2.0000000e+00  -5.6269346e-01   3.7346379e-01   1.3260964e+00  -7.3947519e-01  -1.9668165e+00  -5.3803295e-01
   1.0000000e+00  -8.0260347e-01   2.0650856e+00  -1.3262532e+00   3.6013930e-02   9.8333547e-01   2.2316027e-04
   2.0000000e+00   7.4786419e-01  -1.3255063e+00  -1.0638913e+00  -1.7467136e+00   1.2299605e+00   9.6606494e-01
   1.0000000e+00  -1.1777459e-01  -1.2432947e+00  -2.9024364e-01   6.1364655e-01   5.7499638e-01   4.5631256e-01
   2.0000000e+00   7.6681370e-01   9.3492742e-01  -2.4328322e-01  -1.5700985e-02   5.4825654e-03   4.6012571e-01
   2.0000000e+00  -8.8298619e-01  -6.0380541e-01  -1.4147933e+00   2.5393690e-01   9.7486614e-01   9.7990049e-01
   1.0000000e+00  -7.3077333e-01   1.2832968e+00   1.4376629e+00   2.4870393e-01   8.4337906e-01  -1.3784920e-01
   2.0000000e+00   8.5887983e-01  -3.3452539e-01  -1.0448325e+00  -6.2824618e-01  -2.0678637e-01  -3.8492239e-01
   2.0000000e+00  -5.5991105e-01  -4.5315033e-01   1.0175663e-01  -1.4508640e+00   2.4146740e-01  -1.2395892e+00
   2.0000000e+00   6.9267632e-01   1.2949218e-01  -7.3892577e-01   3.3410625e+00   5.1682218e-02  -6.3878482e-01
   2.0000000e+00   8.3721267e-01   7.7629104e-01  -6.2960869e-01   2.9595667e-01   1.5091938e+00  -1.1757705e+00
   2.0000000e+00   9.0298568e-01  -4.0453686e-01   2.1709249e+00  -2.3971333e-01  -5.7899815e-01  -1.0249551e+00
   2.0000000e+00   1.4940103e-01  -1.0796676e-01   6.6911252e-01  -6.5187118e-01   1.7242723e+00  -4.4141846e-01
   2.0000000e+00  -9.2131395e-01  -1.0842443e+00  -1.0839114e-02  -5.5611777e-01   8.6106808e-02   1.1544715e+00
   1.0000000e+00   1.4299128e+00   5.1752531e-01   1.3366505e+00   2.1916743e-01  -6.1040733e-01  -8.5861712e-01
   2.0000000e+00   1.5891725e+00  -8.8134664e-01  -2.0687551e-01  -4.2577134e-01   1.0123797e+00  -4.2596143e-01
   2.0000000e+00  -2.3086828e+00  -1.5124021e+00   3.8387447e-01  -7.7296664e-01  -3.2034055e-01  -2.5044708e-01
   1.0000000e+00   1.6671376e-01   9.6574027e-01   2.0124837e-01   2.7132927e-01   1.6582273e-01   2.1111362e-01
   1.0000000e+00  -1.4334427e-01   9.8524824e-02   3.4322068e-01   3.5709117e-01  -4.9474797e-02  -1.9172509e-01
   2.0000000e+00   7.7741551e-01  -3.4752473e-01  -8.2824711e-01   7.2170897e-01  -1.0052157e-01   7.4339511e-01
   2.0000000e+00   2.1002723e+00  -3.6277485e-01  -2.6676314e-01   1.5464166e-01  -7.5468759e-01   1.1160981e+00
   2.0000000e+00   2.1119706e-01  -6.9081437e-01   1.2472444e-02  -7.7601676e-01  -4.9688022e-01  -1.4010843e+00
   2.0000000e+00  -2.2181535e+00   1.0552612e+00   6.2600462e-01   7.3396312e-01  -4.1669907e-01  -2.3203477e-01
   2.0000000e+00   1.3429024e-01   7.3309425e-01  -7.4734244e-01  -3.2853396e-01   3.3468928e-03   2.3381867e-01
   1.0000000e+00  -5.3939423e-01   2.8075282e-01   1.0009932e+00   4.2064273e-01  -2.9017966e+00  -4.7652500e-01
   2.0000000e+00  -2.6303819e+00  -4.7447238e-01  -3.0810040e-01   8.0222678e-01  -3.3678576e-01   1.0754770e+00
   2.0000000e+00   9.1628870e-01   1.1922504e+00  -1.8733202e+00  -8.8883072e-01   1.4064128e+00  -9.3907065e-01
   2.0000000e+00  -4.5019947e-01  -6.2391898e-01  -8.2311694e-02   2.1368499e+00  -3.1567815e-02   7.8769160e-01
   2.0000000e+00  -5.0929160e-01   3.9982520e-01   7.2350835e-01  -5.3210274e-01   6.3057811e-01   6.5192332e-01
   2.0000000e+00  -1.5930831e+00  -1.0112329e+00  -8.1746076e-01   2.0149009e+00  -6.4834226e-03  -2.8556190e+00
   1.0000000e+00   1.6762860e+00  -4.0967229e-01   1.7271852e+00   1.2706491e-01  -1.2485011e+00  -8.8194097e-01
   2.0000000e+00  -3.0113045e-01  -4.6848223e-01  -3.4716388e-01   5.0808948e-01  -6.0664262e-01   9.0216026e-01
   2.0000000e+00   5.4847909e-01   7.2834600e-01   5.6067859e-01   1.0509271e+00   2.1060416e+00  -1.5901829e+00
   1.0000000e+00  -1.5468414e-01   2.2884974e-01  -1.0982048e+00   8.8121446e-01   9.9892159e-02  -2.4281798e-01
   2.0000000e+00  -1.1394670e+00  -2.5450414e-01  -3.4265652e-01  -1.0180009e+00   1.0558967e-02  -1.6245665e+00
   2.0000000e+00  -6.2338514e-01  -6.5203711e-01  -4.6953094e-01  -5.9917097e-01  -8.4003618e-02  -1.2589377e+00
   1.0000000e+00  -6.4238516e-01  -6.5320177e-01   6.5963574e-01   2.6236356e-01   1.8653567e+00  -5.3499986e-01
   2.0000000e+00   2.8147845e-01   5.2658009e-01  -1.9760593e+00   2.8887848e+00   8.9665298e-01   1.0071340e-01
   2.0000000e+00   1.9974221e+00  -1.0317079e+00   1.3332662e+00   1.2588533e+00   5.4609977e-01  -1.3911283e+00
   2.0000000e+00   5.2940349e-02  -1.7512904e+00  -9.0749292e-01   1.0765503e+00   2.2378207e-01   1.2010509e+00
   2.0000000e+00  -1.9751292e-01  -6.9255575e-01  -1.3748100e+00  -6.1729806e-01  -1.0111091e+00  -5.0105524e-02
   1.0000000e+00  -3.9781596e-01   1.7815218e+00   5.2877202e-02   9.9185834e-01  -1.5733303e+00  -1.2069387e-01
   1.0000000e+00   1.3944549e+00   1.3137788e+00   1.4877535e+00   7.5529187e-01  -1.5948545e+00   2.0617839e-01
   1.0000000e+00   1.1937441e+00   8.2239997e-01   7.0534602e-01   6.5307716e-01   1.0524360e+00   7.0772532e-01
   2.0000000e+00  -1.0503200e+00  -3.3751159e-01  -2.3968981e+00   9.8510020e-01   5.4672428e-01  -1.7092745e+00
   2.0000000e+00  -9.7834335e-01  -1.1839714e-01  -7.8696708e-02  -6.0978995e-02   7.4578056e-01   5.4502865e-01
   2.0000000e+00   5.6226594e-01  -1.9282243e-01  -1.6560362e+00  -1.2660296e+00   8.6918785e-01  -2.7852051e-01
   2.0000000e+00   7.1910992e-01   9.7930233e-01   1.4397660e+00  -8.7142950e-01  -6.4427873e-01  -1.4356755e+00
   2.0000000e+00   1.1311872e+00  -7.5978331e-01  -9.7146470e-01   2.5109281e+00  -1.3348739e+00   2.4144562e-01
   2.0000000e+00   5.3275447e-01   2.3691605e-01   2.9454269e-01  -7.2050723e-01   1.0751469e+00   1.0312752e+00
   2.0000000e+00  -5.6552866e-01   1.9641313e+00   1.1605588e+00  -8.6017018e-01   5.1844988e-01  -1.9607449e+00
   2.0000000e+00  -6.5636427e-01  -6.5624057e-01   1.3943652e+00   2.1235361e+00  -1.2284054e+00   9.5399641e-01
   2.0000000e+00  -8.1841761e-01   5.1505270e-01  -3.6867968e-01  -7.5533132e-01  -5.3559612e-01   2.9299474e-01
   2.0000000e+00   1.4070729e+00  -1.2269309e+00  -9.3259746e-01  -1.6764822e+00   2.1947279e+00  -1.5335133e+00
   2.0000000e+00   5.3894441e-01   5.8348786e-01   2.3829353e-01   7.4681108e-03   7.7781129e-01  -1.4512470e+00
   2.0000000e+00  -1.2616351e+00   6.7373901e-01  -1.0076521e+00   1.1501265e-01  -3.5185121e-01   2.3008391e+00
   2.0000000e+00  -2.0393142e+00   9.7693096e-01  -1.1595935e+00   6.7174224e-01  -3.2312063e-02  -1.4965176e-01
   2.0000000e+00   1.4854866e+00   7.3105446e-01  -5.0890841e-01   1.2053455e+00   7.7292513e-02   2.1206618e-01
   2.0000000e+00  -7.4510703e-01   9.8031649e-01   9.8953168e-02   2.2735314e+00  -7.1606620e-02   1.7606834e+00
   2.0000000e+00   8.7994346e-02  -8.4683226e-01   1.3260044e+00  -2.9694546e-01   8.5638777e-01   3.6961508e-03
   1.0000000e+00  -2.8594262e-02   9.2442020e-01   1.0596897e+00   1.8784316e-01  -2.9739441e-01   5.6987313e-01
   1.0000000e+00  -7.3419813e-01  -1.0397661e+00  -9.5509972e-01   6.9899557e-01   6.8681571e-01  -5.0110820e-01
   2.0000000e+00  -2.0037544e+00  -1.6292615e+00   2.1939402e+00   1.1969123e+00   1.5355612e-01  -2.0622403e-01
   1.0000000e+00   1.0107094e+00   3.4051186e-01   4.6281994e-01   3.5776676e-01  -9.3123893e-01   7.4101689e-02
   2.0000000e+00   8.4300962e-01  -1.6432762e+00  -5.1965839e-01  -5.4833004e-01   1.2669643e+00  -1.1490224e-01
   2.0000000e+00  -1.0815331e+00   3.1577245e-01   3.7842019e-02  -1.6960371e+00   1.2606253e+00  -8.8451156e-01
   2.0000000e+00   1.3724223e+00  -1.4455825e+00   7.3243827e-01   1.0078074e+00   2.3280794e+00   4.9544031e-01
   2.0000000e+00   7.8505846e-01   4.1471990e-01   2.3235585e-01   2.3039858e+00   5.4703417e-01   4.2332785e-01
   2.0000000e+00  -2.3978649e+00  -9.0011299e-01  -1.4296196e+00  -1.3424641e+00   9.2167866e-01  -1.9075048e+00
   2.0000000e+00   5.3990703e-01  -1.7064323e-01  -3.4539240e-01   1.3342028e+00  -6.8843927e-01  -5.5516082e-01
   2.0000000e+00  -2.1445509e-01   1.2644326e+00   7.8397478e-01  -1.0519869e+00  -7.7379266e-01  -8.7019496e-01
   2.0000000e+00   1.1476906e+00  -1.0509575e+00  -5.1459769e-01  -9.3599356e-01   7.3988955e-01   1.1493753e-02
   2.0000000e+00  -4.1302243e-01  -5.6867302e-01   1.1367534e-01  -8.4292275e-01  -2.9166853e+00   1.6394478e+00
   2.0000000e+00  -1.1794086e+00  -1.2582662e-02   8.9353018e-01  -5.0626540e-01   6.7498937e-01  -1.0030093e+00
   2.0000000e+00   1.2581336e+00  -3.4383166e-01  -1.2574541e+00   2.5239445e-01   3.5626753e-01  -1.2519135e+00
   2.0000000e+00   1.4816827e+00  -2.3601685e-01   1.1673729e+00   5.1331119e-01   1.1633787e+00   1.1375251e+00
   2.0000000e+00  -5.5998438e-01   6.6563861e-01   1.3329371e+00  -3.6118039e-01   4.3625564e-01   8.6361130e-01
   1.0000000e+00  -6.8520743e-01   2.8405506e-01   2.5789622e-01   4.8788855e-01   9.2575932e-01  -8.2455569e-01
   2.0000000e+00  -5.2011746e-01  -5.4124434e-01   1.1846797e+00   1.8019442e+00  -8.7311847e-01  -1.3275944e+00
   2.0000000e+00   8.3849966e-01  -1.9797638e+00   3.0891705e-01  -5.6488602e-01   8.7138009e-02  -5.6483008e-01
   2.0000000e+00   1.2830643e+00   6.2290030e-01  -1.4566299e+00  -1.0196274e-01   1.5557544e-01  -2.4883371e-01
   1.0000000e+00   3.7059241e-01  -2.6402208e-01   1.1219335e+00   3.3418038e-01  -1.0110283e+00   4.8282646e-01
   2.0000000e+00   2.5392038e-01  -2.1062855e-01  -2.9562193e-01   7.6036728e-01  -1.4961379e-02  -1.4968532e+00
   2.0000000e+00   4.9907804e-01   1.6406496e+00  -3.5388446e-02   1.1061278e+00   1.9892420e-01  -6.0396790e-01
   1.0000000e+00   1.6446984e+00   6.1920105e-01  -9.1016313e-01   2.1523013e-02   2.4806072e+00   7.9010735e-01
   2.0000000e+00  -2.3904809e+00  -3.1742645e-01   6.1665173e-01  -1.3846940e+00  -2.1447368e-01   6.7738842e-01
   1.0000000e+00   3.3938740e-01   5.8090613e-02   1.1161441e+00   5.4594069e-01  -7.1013161e-01   6.3491444e-01
   2.0000000e+00  -3.1371102e-01   6.8109842e-01  -2.5941659e-01   7.5939284e-01   7.9424011e-01   9.8903897e-01
   2.0000000e+00   1.1632371e+00   1.0230464e+00  -1.5891422e+00  -6.9108095e-01  -7.7872170e-01   5.3289044e-01
   2.0000000e+00   3.9701144e-01  -1.3257920e+00  -1.6231084e-01   9.6153261e-01   1.3213706e+00  -6.4708768e-01
   2.0000000e+00  -1.7257714e-01   9.4850454e-01  -8.0035842e-01   6.9877836e-01  -3.2783389e-01   1.1919251e+00
   2.0000000e+00  -5.2388122e-01  -1.6133754e+00   4.5484557e-01  -2.4375351e-01  -6.4709597e-01  -1.4506381e+00
   2.0000000e+00   2.5993704e-01  -5.7504137e-01   2.5174811e+00  -1.5275654e-01  -2.4987223e-01  -1.5989790e+00
   2.0000000e+00   2.0120166e-01  -1.7034942e+00   6.4933042e-01  -1.1140511e+00  -1.9733665e+00   3.7660366e-01
   1.0000000e+00   7.4141271e-01   6.4340075e-01   1.0309036e+00   3.9785840e-01  -6.6385122e-01   1.4464355e-01
   2.0000000e+00   1.7970425e-01   2.2741947e-02   1.0498108e+00  -6.3834220e-01  -2.5909623e-01  -7.9648062e-01
   2.0000000e+00  -1.6084557e-01  -2.2085255e-01   7.5510414e-01   8.9272907e-01   2.9779579e-03   1.0982232e+00
   2.0000000e+00   7.1244822e-01  -8.8535158e-01  -9.8997669e-01   1.1609008e+00   1.2311514e+00   6.5746607e-01
   2.0000000e+00  -3.7305660e-01   1.5948047e-01  -8.1517554e-02   1.1325919e+00  -2.5226000e-02   2.5648733e-01
   1.0000000e+00  -8.6934483e-01   1.7724287e+00  -2.0460037e-01   5.3271705e-02  -1.8589896e-01  -3.4136949e-01
   2.0000000e+00  -3.3749579e-01  -1.2118726e+00  -2.1325234e-01  -6.4038097e-01   4.2249686e-01  -1.6785012e-01
   2.0000000e+00  -3.8945639e-01   7.7794858e-01   1.5680954e+00  -2.5592492e-01  -9.3874386e-01  -2.0553854e+00
   2.0000000e+00   6.1966382e-01  -3.4147684e-01  -6.6172795e-01   1.3398793e+00  -6.7881999e-01  -2.3850343e-01
   1.0000000e+00   9.2069967e-01  -1.8389187e+00   5.0497592e-01   2.2321229e-01   1.0240790e+00  -8.9119095e-01
   2.0000000e+00   5.9343791e-01  -1.4046810e+00  -7.0033665e-01   1.6609061e+00  -1.0230890e+00  -1.6826982e-01
   2.0000000e+00  -2.1269279e+00  -5.4789142e-01  -4.9117678e-01  -5.1332156e-01   7.4880918e-02  -7.0663179e-01
   2.0000000e+00   4.5642172e-01  -1.3970807e-01   7.7463945e-01  -1.9156126e+00  -4.3833145e-01  -1.6973322e-01
   2.0000000e+00   1.2556866e+00   5.8574651e-01  -8.9090382e-01  -7.1434141e-01  -2.0619287e+00   1.1969780e+00
   1.0000000e+00  -2.4480889e-01   5.8044332e-01   1.8403421e+00   5.8848456e-01  -5.3602296e-01  -1.3801294e-01
   2.0000000e+00  -1.2583554e-01  -5.9031182e-01  -1.3746213e+00  -1.4843546e-01  -7.9541798e-01   8.4329373e-01
   2.0000000e+00   1.5500614e+00   4.4942574e-01  -8.2061396e-01   5.1691106e-01   1.5235194e+00   1.1869961e+00
   2.0000000e+00   4.7078698e-01   1.6310226e-01   1.8720908e-01   2.1766508e-01  -7.0082501e-01   2.4366989e+00
   2.0000000e+00  -8.2008295e-01  -1.5828257e+00   1.3284095e+00  -8.1869192e-01  -9.6163757e-01   9.1151654e-01
   2.0000000e+00   2.5723706e+00  -3.7304391e-01  -1.0725551e-01   1.7408556e+00   1.1795000e-01  -1.6836341e+00
   2.0000000e+00  -5.0798148e-01   1.2859004e+00   1.4110358e+00   1.8640620e+00   7.5412751e-01  -1.2840328e+00
   2.0000000e+00  -4.2784805e-01   5.7472876e-01   8.8137801e-01   3.9188719e-01  -8.4267500e-01  -1.5345473e+00
   2.0000000e+00  -2.9968795e-01  -1.5973612e+00  -7.6745772e-01   9.8701051e-01   2.2579801e-03  -8.4291526e-01
   2.0000000e+00   9.9303612e-01   4.2071665e-02  -3.3441585e-01  -4.3996643e-01   2.1012810e+00   7.1914524e-01
   2.0000000e+00  -2.5035568e+00  -1.6289657e+00  -1.4422887e-01   7.7266009e-02   4.2364236e-01  -4.3034731e-01
   1.0000000e+00  -6.4925003e-01   2.3501949e-01  -2.9250558e-02   2.2991750e-01  -9.3677608e-01  -9.6678254e-03
   1.0000000e+00  -5.9821206e-01  -1.0389392e+00  -5.4371641e-01   3.9890280e-01  -1.6651285e+00   5.7254536e-01
   2.0000000e+00   8.5222885e-01  -9.9979413e-02   1.2297009e+00   6.9249808e-01   1.4016431e+00   2.8963793e+00
   2.0000000e+00   5.7790998e-01   2.2967773e+00  -1.6001332e+00  -4.0253027e-01  -8.0391922e-02   8.0859292e-01
   2.0000000e+00   2.1518260e-01  -6.5977250e-01  -1.7767929e+00   1.4736027e+00   6.8193656e-01  -6.8599901e-01
   2.0000000e+00   1.7466513e+00   3.4961154e-01   9.9500707e-01  -6.1002515e-01   3.5985246e-01  -1.0612368e+00
   1.0000000e+00   5.1005843e-01   2.4531981e-01   1.2206549e+00   5.4996157e-01  -2.2113658e-01  -7.1222539e-01
   2.0000000e+00  -4.5972788e-01   2.1744470e-01   3.2068595e-01  -1.1791988e+00   1.3246646e+00   1.3352233e-01
   2.0000000e+00  -2.0365758e+00   3.4798918e-02  -1.1634315e+00   8.0435012e-01  -2.0063332e-01   5.9200232e-01
   2.0000000e+00   2.4695217e-01   1.5187545e-01   5.9963648e-01   7.6823440e-01   1.6783428e+00  -1.1832222e+00
   1.0000000e+00   1.3143829e+00   1.9674877e-01  -1.0564395e+00   4.1476573e-01  -7.9993754e-01   3.2668942e-01
   2.0000000e+00  -7.9863686e-01   2.5885888e-01  -2.8721166e-01   1.6081679e-01   1.0352707e+00  -1.0171108e+00
   2.0000000e+00  -8.3327076e-01  -2.3571173e+00  -9.2133258e-01  -8.0330851e-01  -1.5771150e+00  -4.9195416e-01
   2.0000000e+00  -4.1175587e-01  -2.8638092e-01  -1.6817153e+00  -2.0366473e-01  -3.7915158e-01   6.2685150e-01
   2.0000000e+00  -3.8563102e-01  -9.2544015e-01   7.0555482e-01   1.0675606e+00   4.0357460e-01  -5.8284560e-01
   2.0000000e+00   1.3384216e+00   1.7620321e-01   1.3404300e+00  -2.8378048e-01  -1.4338664e+00   6.3558501e-01
   1.0000000e+00  -6.2629345e-01   7.9309877e-02  -2.4795877e-01   7.4318141e-01  -1.3113915e+00  -5.1626244e-01
   1.0000000e+00  -9.1530464e-01  -1.3347561e+00   5.6119906e-01   3.4779920e-01   5.7716529e-01  -2.6443650e-01
   2.0000000e+00  -8.9573001e-02   8.1286436e-01   1.9218977e+00   1.8745069e+00  -7.0714271e-01   8.3439909e-01
   1.0000000e+00   1.4071421e-01   8.4262764e-01   9.1772604e-01   7.9067337e-01   1.9838321e+00   2.2985268e-01
   2.0000000e+00   1.1810402e+00  -6.8099861e-01   2.8388329e-01   1.6012682e-01  -8.3805630e-01   1.2277912e+00
   2.0000000e+00  -1.7877380e-01  -1.0690783e+00   2.0796670e+00   4.5683883e-01   1.1803823e+00   1.1884448e+00
   2.0000000e+00   1.3989218e+00  -1.9808800e+00   4.4815782e-01  -2.3594423e-01   1.0906615e+00  -4.2061137e-02
   1.0000000e+00  -7.3531130e-01   1.0374206e-01   8.8433250e-01   6.4947641e-01  -2.3268484e-01   4.7079793e-01
   2.0000000e+00   1.3133989e+00   9.8349636e-01  -5.7761238e-01  -1.1425353e-01  -7.1636012e-01   1.5829585e+00
   1.0000000e+00  -1.4738027e+00  -2.0297958e+00   2.5395429e-01   6.2199691e-01  -1.8503370e-01  -4.7466523e-01
   2.0000000e+00   2.5478510e+00  -1.2130677e-01  -4.1300042e-01   1.9895585e+00  -1.2136445e-01  -1.8996922e-01
   2.0000000e+00  -3.6394525e-01  -1.1530388e+00  -7.0931623e-01   1.5748025e+00   5.8069676e-01   1.0722669e-01
   2.0000000e+00   1.1675671e+00   1.0255723e-02  -1.5409121e-01   7.5672589e-01  -4.2828269e-01   1.3336409e+00
   1.0000000e+00   9.4445115e-01   4.1791499e-01   7.5127456e-01   1.9370313e-01  -3.9768998e-01   8.7302840e-01
   2.0000000e+00  -1.8126724e+00   3.3121335e-02   6.0684769e-02   8.8884635e-01  -1.2153070e-01   1.8572920e+00
   2.0000000e+00  -2.9048191e-01   5.7428278e-02   5.0284977e-01   1.8991684e+00  -1.1351105e-01   9.4175775e-01
   2.0000000e+00  -2.2579116e+00   2.2645577e+00   5.0946580e-02  -5.9599412e-01   6.4519447e-01  -5.0147654e-01
   2.0000000e+00   8.7544873e-01  -6.9736162e-01  -9.2695631e-02  -1.0490386e-01   4.3133279e-02   2.3979355e-01
   2.0000000e+00  -1.0752795e-01   9.8424007e-01  -1.5531772e+00  -4.2277665e-01   8.8876637e-01   5.6866171e-01
   1.0000000e+00   1.2588104e-01  -5.0250846e-01   1.1092508e+00   4.6863432e-01   9.9832819e-01   2.2127423e-01
   1.0000000e+00  -1.6161728e+00   1.3848381e+00   3.9900064e-01   7.4961817e-01   5.3514045e-01  -5.5996391e-01
   2.0000000e+00   4.9286395e-01   2.2191375e+00   6.2889406e-01  -3.2500541e-01   2.2094505e-01  -5.9226388e-01
   2.0000000e+00   7.5453392e-01   2.1375819e+00   1.0676451e+00   1.0114136e+00   1.2930420e+00   1.2382928e+00
   2.0000000e+00  -8.8410777e-01  -1.0901598e+00  -2.2625024e+00  -1.7285421e+00   6.7638622e-01  -1.3231162e-02
   2.0000000e+00   6.7340668e-02   1.3589048e+00  -1.1099317e+00  -5.4666722e-01  -1.4210637e+00   2.9095234e+00
   2.0000000e+00  -8.6956757e-01   1.3447325e+00   5.6481202e-01   1.0344682e-01   1.3011982e+00  -1.1421115e+00
   2.0000000e+00  -1.4701923e+00   1.2243875e+00   1.2287521e+00  -9.4451441e-01   3.9896751e-01   2.0469679e-01
   2.0000000e+00   6.3737229e-01  -2.0141109e+00  -1.5288372e-01  -3.7170396e-02  -1.1164900e+00   5.4555083e-01
   2.0000000e+00   5.0747046e-02   1.0445863e+00   7.8479481e-01   1.0166431e-01  -2.0923434e+00  -1.2444402e+00
   2.0000000e+00  -1.2593375e+00  -1.3926582e+00  -5.0150002e-01   1.2388998e+00   1.3478512e-01   1.0172430e-01
   1.0000000e+00  -4.0744484e-01  -1.7310863e+00  -9.1605255e-01   5.4303984e-01  -1.0827676e+00   2.6593911e-01
   1.0000000e+00  -7.1977707e-01  -6.8043290e-01  -9.6902987e-01   3.5338967e-01   1.5085545e-01   9.2608106e-01
   1.0000000e+00   1.0734296e-01   3.9736586e-01  -3.0629837e+00   6.9504943e-01   1.1249705e+00  -6.3463444e-01
   2.0000000e+00  -1.3818776e-01   2.9385417e-01   5.1088528e-02  -3.0677285e-01  -5.7627175e-01  -6.5337380e-01
   1.0000000e+00   5.1500819e-01   8.8968841e-01  -2.0065279e-01   2.5010114e-01  -4.1748028e-01   6.4386056e-02
   2.0000000e+00   4.5027558e-01   1.1245141e-01   4.2158946e-01  -1.0662232e+00  -1.1790758e+00  -1.4416051e+00
   2.0000000e+00  -6.9759452e-01   3.8294677e-01   5.1528544e-01   1.0433893e+00   7.6718748e-01  -2.7402933e-01
   2.0000000e+00  -5.9037716e-01   1.9237940e+00   2.2395258e-01  -2.6709215e-02  -1.1039567e-01  -8.7346356e-01
   2.0000000e+00   9.2979541e-01  -9.3237107e-01  -5.4281925e-01   1.6958773e+00   7.3878940e-01  -3.3765863e-01
   2.0000000e+00  -5.9433276e-01   6.0686597e-01   1.1190618e+00  -3.1018994e-01   6.1576098e-01  -3.1085806e-01
   2.0000000e+00   1.3305303e+00   1.8339123e+00   1.0377357e+00   1.1828081e+00  -8.3876284e-01  -1.4555893e+00
   2.0000000e+00  -8.7076316e-01  -1.8741203e+00  -8.0154008e-01  -1.1044232e-02   3.9766295e-01   2.3564407e-01
   2.0000000e+00   5.2099578e-01   2.8915968e+00  -1.6361405e+00   6.4922831e-02  -1.3555983e+00  -1.1013009e+00
   2.0000000e+00  -4.5717291e-01   1.2832008e+00   4.3654706e-01   1.4109472e+00   6.5215981e-01  -5.7345167e-01
   2.0000000e+00  -3.8216020e-01   8.8310990e-01  -9.8333862e-01   1.6230291e+00  -3.7309193e-01  -1.4283665e-01
   1.0000000e+00  -3.4343570e-01   2.7779983e-01  -3.7272758e-01   6.0594513e-01   2.2095048e+00   7.2838581e-01
   2.0000000e+00  -9.9655390e-01   1.4262103e+00   9.1655870e-02  -1.3515073e-01  -4.9988237e-02  -9.9826554e-01
   2.0000000e+00  -1.9696408e+00   8.5324694e-01   3.6120886e-02  -1.1768312e+00  -6.4348195e-02   1.5148194e+00
   2.0000000e+00   1.1159632e+00  -1.7247301e-01  -1.0620194e+00   3.6317694e+00  -6.3293375e-01  -1.7045433e+00
   2.0000000e+00   5.8268423e-01   8.8549990e-01   6.4796343e-01  -3.4524796e-01   1.0118976e+00  -9.8165818e-01
   2.0000000e+00   1.0555247e+00  -8.5071895e-01  -9.0102081e-01  -1.2843757e+00  -1.3451750e+00   1.6567693e+00
   2.0000000e+00   4.3277226e-01  -1.0453371e+00  -2.0033286e+00   2.8276398e-01  -2.8675947e-01  -1.9420838e+00
   2.0000000e+00  -1.5228061e+00  -5.8091927e-01  -1.3287777e-01  -2.0954498e-01   9.0152941e-02  -4.2919479e-01
   2.0000000e+00  -8.6009917e-01  -1.7951297e+00   2.3373951e-01  -2.9814842e-01  -2.2518363e-01   4.9411843e-01
   2.0000000e+00  -6.1155836e-01   5.4874064e-01  -2.6692647e-01  -1.0410712e+00  -1.1960337e+00  -6.5551292e-02
   1.0000000e+00  -6.3545273e-02   1.0774052e+00   3.1359778e-02   2.5348815e-01   1.9650782e+00   8.1783493e-01
   2.0000000e+00   1.1905176e+00   7.2994533e-01  -2.1967371e+00  -2.5951043e-01  -5.8140535e-01   2.2828157e+00
   2.0000000e+00  -4.9285751e-01   9.0794384e-01  -1.1259052e+00  -7.0790236e-01   1.5467341e-02  -5.4172153e-01
   2.0000000e+00   3.5680325e-01   1.8730842e+00  -5.4535390e-01  -7.8219642e-01  -1.5453694e+00  -4.9260857e-01
   2.0000000e+00   4.4145114e-01   1.5873598e+00  -9.8583868e-01   5.2132642e-01   3.5500921e-01  -1.1745635e+00
   1.0000000e+00   7.8391865e-01   3.1547769e-01   1.1870708e-01   2.2933170e-01  -4.5823142e-01   8.7639423e-02
   2.0000000e+00   1.0045005e+00   1.7469004e+00   1.0679050e+00   7.7109109e-01   7.0626187e-01   6.8291415e-01
   2.0000000e+00   5.3491734e-01   4.7359732e-01  -1.1329816e-01  -9.3872078e-02   5.3114778e-02  -2.3413516e-01
   2.0000000e+00  -9.7653469e-02   1.5752777e-01   1.4101107e-02  -2.4259046e-01  -9.4576143e-02  -9.2945006e-01
   2.0000000e+00  -1.2510773e+00  -1.5330215e+00   2.8253012e-01   1.1695094e+00   5.0054291e-01  -1.0544154e+00
   2.0000000e+00  -1.3179487e-01  -1.1958540e-01  -1.0168374e+00  -4.1098964e-01  -3.9931148e-01   5.7230713e-01
   2.0000000e+00  -2.1761999e-01   1.1418642e+00  -1.1720440e-01   1.0467612e+00   6.5460232e-01   7.5818674e-02
   2.0000000e+00   5.6540191e-01   5.6571986e-01   6.2825288e-02  -5.7513258e-01   8.2946071e-01   2.1890115e-01
   1.0000000e+00   5.7018432e-01  -1.8324220e-01  -1.1227361e+00   1.2924741e-01   1.0653093e+00  -7.9395328e-01
   2.0000000e+00  -7.2483839e-01  -2.7290631e-01   1.4822888e+00  -6.1671155e-01   4.9662611e-01  -2.3213093e+00
   2.0000000e+00   2.6686837e-01  -5.0338390e-01  -1.2568589e+00   1.3267055e+00  -1.2861496e+00   1.1440229e+00
   2.0000000e+00   8.1515064e-01  -8.7665692e-01   1.3727885e+00   1.1833590e+00  -1.3710967e+00   9.6776477e-01
   2.0000000e+00   4.9232870e-01  -3.1869016e-01   9.5871565e-01  -1.1809846e+00   1.0805652e+00   1.2051741e+00
   1.0000000e+00  -1.8378126e+00   1.9945925e-01   1.8164209e+00   1.2395051e-01   3.8249990e-01  -8.7908349e-01
   2.0000000e+00  -6.4436255e-01  -2.9271605e-01   6.5562041e-01   9.7549591e-01   6.4617187e-02  -3.7969147e-01
   2.0000000e+00   4.1409562e-01   4.9140936e-01   8.9274517e-01  -2.8438508e-01  -9.4741756e-01   1.7288999e+00
   2.0000000e+00  -9.5953260e-01  -8.0690582e-01   4.2405970e-01   2.2980466e-01   1.4435917e+00  -1.1595552e+00
   1.0000000e+00   4.3862589e-01   1.1710831e-01   5.7024665e-01   1.5043127e-01   2.4744355e+00  -9.5147513e-01
   1.0000000e+00  -1.1797631e+00  -2.8148811e-01  -1.5881924e+00   7.4077043e-02  -4.4002085e-01   4.3696548e-02
   2.0000000e+00   1.1136420e+00  -6.4335103e-01   6.8659651e-01  -1.9058125e-01  -2.8258602e-02   5.1119634e-01
   1.0000000e+00  -1.1032256e+00  -1.3470030e-01  -4.6289135e-01   6.0815314e-02  -5.1271640e-01  -4.3642002e-03
   2.0000000e+00  -2.0873649e-01  -4.7347920e-01  -4.1276860e-02  -5.9401976e-01  -1.5851583e-01  -1.1455935e+00
   2.0000000e+00  -3.6552260e-01  -2.0638898e+00   5.0543702e-01   1.5936978e+00  -2.3011509e+00   9.8209086e-01
   2.0000000e+00  -1.1361071e+00  -4.9357221e-02  -7.3544789e-01  -8.1531739e-01  -2.4576369e-01  -2.3297672e-01
   2.0000000e+00   2.5195218e-01   9.5374201e-01  -1.3660353e-01  -8.7148126e-01   6.9647762e-01  -1.6658411e+00
   2.0000000e+00   1.4760654e+00  -8.0667813e-01  -4.9869670e-01  -1.9594284e+00   2.5969208e-02   7.6266848e-01
   1.0000000e+00   4.1473285e-01  -4.3803833e-02  -8.7155667e-01   1.5763948e-01   2.2716512e-01  -1.8348438e-01
   2.0000000e+00   3.2305136e-01  -2.5720667e-01  -8.3336012e-01  -1.7941287e+00  -5.0288109e-02   1.9789732e-01
   2.0000000e+00   5.2770773e-01  -3.8377274e-01   9.5641971e-01  -1.4887148e-01   4.3402759e-01   1.0570862e+00
   2.0000000e+00  -1.1242680e+00   4.6842994e-03  -1.9452629e+00   2.0517910e-01  -2.0117378e+00   1.5308256e+00
   2.0000000e+00   7.9073843e-01  -1.3676781e+00  -2.3920363e+00  -5.4689199e-01  -1.8704975e-01  -5.5828933e-01
   1.0000000e+00   5.4197966e-01  -1.7162517e-01  -1.0121927e+00   1.4340605e-01  -2.6846664e-01   1.3473833e-01
   2.0000000e+00  -2.5923103e-01  -6.9929323e-02   4.6452304e-01  -1.5059678e+00   1.0249701e+00   1.2579829e+00
   1.0000000e+00  -4.1235604e-01   7.3163538e-02  -1.1365620e+00   1.8487015e-01  -1.4862527e+00  -1.1745232e-01
   2.0000000e+00  -2.2755082e-01  -3.7924048e-01  -8.9419182e-01  -8.0344876e-02  -8.0432421e-01  -1.4204126e+00
   2.0000000e+00   5.6647115e-01  -2.8798316e+00  -1.2152886e-01   1.0944440e+00   5.8659786e-01   7.2529627e-02
   1.0000000e+00  -6.9583299e-01  -1.0250699e+00   8.0646106e-01   1.1445005e-02   9.6756836e-01   7.7935065e-02
   2.0000000e+00   2.0257849e+00  -1.1437237e+00   3.5292703e-01  -1.2210893e-01  -4.6843247e-02  -1.2663304e+00
   2.0000000e+00  -1.4119680e-01  -6.0790879e-01  -2.8838504e-01   1.7965735e+00   7.8813779e-01   3.5300785e-01
   2.0000000e+00  -4.1966912e-01  -1.4112167e+00   2.0038840e+00  -1.2563311e+00  -8.2745523e-01  -8.0935026e-01
   2.0000000e+00  -1.0114307e+00  -1.4639254e-02  -5.4014764e-02  -1.1204373e+00   2.4573402e-01  -8.4051678e-01
   2.0000000e+00  -6.7067328e-01   1.7830685e+00   2.5299836e+00   1.6020078e+00   9.5187911e-01  -7.8134438e-02
   2.0000000e+00   3.9058794e-01  -4.0474817e-01   8.4420886e-01  -8.9197855e-01  -2.7909543e-01   9.4892514e-01
   2.0000000e+00  -4.7896986e-01  -2.4365023e+00  -9.4216387e-01  -3.2770967e-01   8.1506228e-01   7.2860185e-01
   2.0000000e+00  -1.2434862e+00   9.3209986e-01  -8.0713017e-01   1.0002585e-01   3.8770646e-01   1.0775473e+00
   2.0000000e+00   3.2657579e-01   6.3711521e-01  -1.0242513e+00   4.8961184e-02   1.9867263e-01  -1.1002937e+00
   2.0000000e+00   9.1471198e-01  -1.6663942e+00  -6.8085951e-01   1.4871747e+00   7.5717453e-01   5.7975617e-01
   2.0000000e+00  -9.4165313e-01  -9.1964593e-01  -1.2122740e+00  -2.1315844e+00  -1.1523968e-01  -1.6597663e+00
   2.0000000e+00  -7.2916498e-01   2.1978449e-01   1.2567589e+00   1.0415919e+00  -5.5664689e-01   2.2294555e+00
   2.0000000e+00  -1.3101377e+00  -8.5542287e-01  -2.1211890e-01  -1.7281368e-01  -1.0054404e+00   1.4631214e+00
   2.0000000e+00  -7.0043836e-01   1.5944041e+00   9.3337607e-01  -7.0148445e-01   1.6649634e+00  -5.1972177e-02
   2.0000000e+00   2.0383028e+00   8.9695216e-01   5.3362196e-01   1.3008414e-01  -1.4493408e+00  -5.9967208e-01
   1.0000000e+00   8.6925781e-02  -1.3126570e+00   6.5803217e-02   1.7997092e-01   1.1111214e+00   2.9856655e-01
   2.0000000e+00   1.0544540e+00  -5.6621449e-01   9.8615227e-01  -2.0086196e+00  -1.3660243e+00  -5.0916994e-01
   1.0000000e+00  -7.2430982e-01  -1.0963303e+00   1.0838717e-01   3.5269338e-01  -8.6338712e-01   3.5900960e-01
   2.0000000e+00   8.3970292e-03  -9.9484346e-01   8.5912519e-01  -1.5814331e-01   2.6272149e-01  -2.2318522e-02
   1.0000000e+00   7.2167064e-01   3.7685225e-01   1.4001855e+00   5.7913721e-01  -7.3981036e-01  -2.6764516e-01
   2.0000000e+00  -7.7377765e-01   1.8701085e+00  -2.1633415e+00   2.0177287e-01   1.2791355e+00   2.8945421e+00
   2.0000000e+00   7.8769260e-01  -1.1691942e-02  -8.1901090e-01  -4.8689030e-01  -7.5444238e-01   1.5373070e-01
   2.0000000e+00  -4.3484924e-01   2.2450418e-01   8.3103721e-01   2.8207741e-01   6.7911380e-01  -1.9891550e+00
   2.0000000e+00  -5.7285827e-01   1.7366297e-01   1.1100632e-01   8.2659450e-01   3.0132334e-01   1.4417555e+00
   2.0000000e+00   1.6898440e+00   7.1205359e-01  -5.6646240e-01  -2.3828873e-01  -2.1607972e+00   2.0948877e-02
   1.0000000e+00   3.8192883e-01   2.0690105e+00  -3.3304429e-01   5.5864801e-02  -1.2873866e+00   4.4550361e-01
   2.0000000e+00   1.3790491e+00  -2.2652121e-01  -6.2432590e-01   1.5935489e+00   1.0079956e+00  -5.1194990e-01
   2.0000000e+00  -2.2639379e+00   1.9373198e+00   5.8906530e-01  -9.0500487e-01  -1.3299156e+00  -7.7201645e-01
   2.0000000e+00   1.1279329e+00  -8.6989067e-01   2.6430641e-01  -1.0651026e+00  -9.8544133e-01   3.3994882e-01
   2.0000000e+00  -8.8210135e-01  -1.0135542e+00   2.0790841e-01   1.8328033e+00  -4.1446639e-01   1.9065022e-01
   2.0000000e+00   3.5595146e-01  -1.0085134e+00  -2.0117411e-01  -7.9341894e-01   2.6706171e-01  -5.4445465e-01
   2.0000000e+00  -8.2185308e-01   1.5098810e+00   7.9820551e-01  -2.5193638e+00  -4.2983184e-01  -1.9585812e-01
   1.0000000e+00   1.6928614e-01  -2.4585166e-01   1.1369637e+00   1.4442414e-01  -4.0676603e-01  -2.7612148e-01
   2.0000000e+00  -1.5261422e+00  -1.0220062e+00   2.5834352e-02  -2.6593182e-01  -3.2229989e-01  -4.2332916e-01
   2.0000000e+00  -1.6207229e+00   1.9542140e-01  -1.1138139e+00   6.3534374e-02   1.3114801e+00  -1.3508767e+00
   2.0000000e+00  -7.7082927e-01  -5.7020306e-01   4.2529033e-02  -1.2419948e+00   1.3219399e+00  -9.2877093e-01
   2.0000000e+00  -5.8212565e-02   2.1608977e-01   9.3604528e-01  -1.2273772e+00   1.0970167e+00   2.2226414e+00
   2.0000000e+00  -7.8464041e-01  -5.6463205e-01  -1.1352003e+00  -9.1829757e-02  -7.1057777e-01  -7.4368926e-01
   2.0000000e+00   1.4348104e+00  -2.6279842e-01   2.3159973e-01   1.0078858e+00   1.6310117e+00  -2.3448489e+00
   2.0000000e+00   4.7766504e-01  -4.8334430e-01  -7.3401407e-01  -5.2104183e-01  -8.5084275e-01  -8.4330898e-01
   2.0000000e+00   1.1902403e+00  -3.6866379e-01   2.7653353e-01   1.3103165e-03   4.3293641e-01  -1.0083683e+00
   2.0000000e+00   4.2970977e-01   9.3957964e-01  -1.2116932e+00   1.1144281e+00   3.6474267e-01  -1.0622956e+00
   2.0000000e+00  -2.0170641e+00  -1.1756485e+00   6.0330311e-02  -1.8496378e-01  -5.2182253e-01   5.1665350e-01
   2.0000000e+00  -1.2136322e+00  -9.5060613e-01  -1.6422230e+00  -6.1572609e-01   1.4783263e+00   5.9023080e-01
   2.0000000e+00  -7.6026117e-01  -7.1430972e-01  -3.0183056e-01   1.6328372e+00  -1.8842768e+00   2.0501223e-01
   1.0000000e+00   2.4506773e-01   9.3828401e-01   2.1392350e-01   8.2844982e-01  -7.7424950e-01   2.4109206e-01
   2.0000000e+00  -4.8006597e-01  -1.2612830e-01   1.2328669e+00   1.9085802e+00   1.6103409e+00  -5.3023973e-01
   2.0000000e+00  -3.7017578e-01  -6.8912034e-01  -1.1382885e+00  -8.3361988e-01   5.4632971e-01   1.0137433e-01
   2.0000000e+00  -2.1684895e+00   3.1222937e-01  -1.5272663e+00  -1.0055896e+00  -1.0175803e+00  -2.6092475e-02
   1.0000000e+00   1.6655941e+00  -5.1765581e-02  -1.4199843e+00   6.8318849e-01  -8.8818897e-01  -3.1590221e-01
   2.0000000e+00   7.7938375e-01  -8.6205521e-01   1.0316897e+00  -7.3842762e-01   1.2601656e+00   1.3292329e-01
   2.0000000e+00  -1.8082402e+00  -1.5688204e+00   6.5764270e-01  -1.9469175e-01   1.2199229e+00   6.2903796e-01
   2.0000000e+00  -5.5508441e-01   5.8361003e-01   2.0575330e-01  -1.2521898e+00   4.7971605e-01   1.9224094e+00
   1.0000000e+00   6.8714009e-01   6.8923293e-01   3.2589021e-01   7.5784036e-01   6.9385089e-01   2.3563481e-02
   1.0000000e+00   1.6725087e+00  -3.8302710e-01  -9.5827427e-01   2.3156966e-01   2.6304399e-01   2.4380543e-01
   2.0000000e+00  -6.7617489e-01  -5.2052807e-01  -1.0773573e+00  -9.1953612e-01  -8.3678867e-01   6.7641275e-01
   2.0000000e+00   4.2878494e-01  -1.4291574e+00   2.5655378e-01   3.3553575e-01   2.3337674e-01   1.2104549e+00
   1.0000000e+00   3.5121124e-01  -2.2922105e+00  -6.2084127e-01   3.1600287e-01   9.3070486e-01  -8.3180948e-01
   2.0000000e+00  -4.7251986e-02  -1.0888867e+00  -7.0932117e-01   2.0123439e+00   9.9123813e-01   2.0467274e-01
   2.0000000e+00  -1.1830057e+00  -2.1920343e+00   1.9227855e+00  -3.0729159e-01   1.0242258e+00   1.5624952e-01
   2.0000000e+00   9.0259115e-01   1.8428701e-01   2.4613639e+00  -2.1801934e+00   1.5492725e-03  -1.0614880e-01
   2.0000000e+00   1.0054997e-01   1.0881323e+00  -1.8261983e+00  -5.6959498e-01  -4.8014409e-01   8.3718168e-02
   2.0000000e+00  -8.0753128e-01   1.1644342e+00   1.3083866e+00   1.1487686e+00  -5.6385753e-01   1.2425824e+00
   2.0000000e+00   1.0089294e+00  -1.0180189e+00  -8.4962576e-01  -1.9460941e+00   1.8968813e+00   6.8502985e-01
   2.0000000e+00  -8.1188433e-01   7.6896738e-01  -6.9702623e-01  -5.9409222e-01  -3.1777301e-01   7.2339812e-01
   2.0000000e+00  -1.6053618e+00  -7.8139038e-01   6.6740837e-01  -5.4894361e-01  -1.4067344e-01   4.6892199e-01
   2.0000000e+00  -5.7668017e-01   8.4506920e-01  -4.9024497e-01  -2.0854634e+00  -5.3783507e-01  -3.3604782e-01
   2.0000000e+00   1.3016781e+00   5.7971716e-03   7.3484455e-01   1.2614077e+00  -3.0685647e-01  -1.7910679e+00
   2.0000000e+00   1.1375914e+00  -1.5008178e+00  -1.0345329e+00   1.8322087e+00  -6.0122880e-01   1.1388923e-01
   2.0000000e+00  -4.7348094e-01   1.2580262e+00  -8.8668312e-01   1.4176785e+00   1.8293646e+00   1.1333867e+00
   2.0000000e+00  -5.9131091e-01  -7.4493620e-01   3.2089882e-01   1.1308480e+00   7.5670936e-01  -2.7562515e+00
   1.0000000e+00   1.1959477e+00   1.2648588e+00   7.1062892e-01   2.8459997e-01  -4.0466522e-01  -2.4538222e-01
   2.0000000e+00   5.8989183e-01   5.7025723e-01  -7.0237502e-02   4.7830679e-01  -2.2047931e-01   9.4232100e-01
   2.0000000e+00   1.4780472e+00   1.3336139e+00  -6.8510764e-01  -2.0438648e+00   8.8487624e-01  -1.9998354e-02
   2.0000000e+00  -3.2061598e-01   8.9732524e-01   4.2431922e-01   2.1577542e+00  -4.3241951e-01  -9.0901200e-01
   2.0000000e+00   2.8660365e-02   3.8539570e-01  -1.6673925e-01  -9.3600237e-01   4.2547534e-01  -1.5688683e+00
   2.0000000e+00   1.3579961e+00   6.0328569e-01  -1.5482041e-03  -7.1333151e-01   1.1550134e+00  -1.1131868e+00
   2.0000000e+00  -1.4960155e-01   3.2954164e-01   1.1624966e+00  -5.2037179e-01  -6.0316232e-02   9.5169588e-01
   2.0000000e+00  -4.8042930e-01  -3.6244212e-01   7.4745418e-01   3.5925253e-01   1.3054123e+00  -1.2093778e+00
   2.0000000e+00   1.3934090e-01   4.2155179e-01   7.1568400e-01   2.0460503e+00   1.3147202e-02  -5.3333743e-01
   2.0000000e+00   2.5599951e-01  -5.4936254e-01  -2.4481045e+00  -7.3658383e-01  -2.4686126e-01   8.0394578e-01
   2.0000000e+00   1.3228275e-01  -5.9318002e-01   7.8757741e-01   1.0498066e-01  -8.2298585e-01   1.9402372e+00
   2.0000000e+00  -1.5047888e+00  -2.2746885e-01   2.3772871e-01   5.4602198e-01  -3.4380428e-01   9.4230471e-01
   2.0000000e+00  -1.5523127e+00  -1.3812515e+00   6.1091926e-01   1.4965808e+00   1.3707405e+00   2.8170285e-01
   2.0000000e+00  -3.3103204e-01   1.3194987e+00  -2.4949156e-01  -3.8782089e-01  -5.8177269e-01   1.7409429e+00
   2.0000000e+00  -4.2891679e-01  -4.3818769e-01  -4.8511363e-01  -1.3553124e+00  -1.3736892e-01   2.9932340e-01
   2.0000000e+00   1.6774147e+00  -1.3807354e+00  -2.0349094e+00  -8.2098509e-01  -5.7379182e-01   2.3238200e+00
   2.0000000e+00  -2.0586275e+00  -4.6128377e-01   1.2039464e-01  -1.9938354e-01  -2.7623140e-01   2.4926483e-01
   2.0000000e+00  -4.3188146e-01   1.6756312e+00   6.8703753e-01  -5.2153660e-01   8.2518424e-01  -4.1425757e-01
   2.0000000e+00  -3.9253398e-01  -1.3863700e+00  -4.9895230e-01  -9.5814298e-01   2.2678444e+00  -2.1413111e-01
   1.0000000e+00  -1.0144346e+00   3.1482590e-01   1.8165044e+00   8.4007766e-01   1.2247343e+00   2.0447137e-01
   2.0000000e+00  -3.2308146e+00   6.0257688e-01  -2.5561147e+00   8.7064481e-01  -1.4119011e+00   5.4638994e-01
   2.0000000e+00  -4.0535198e-01   8.2839967e-01  -3.4403482e-01   1.2030687e+00   1.1913546e+00  -2.6930239e+00
   2.0000000e+00  -6.9435764e-01  -1.4427693e+00   6.4574332e-03  -7.0308546e-01   1.0635919e+00  -3.6732201e-01
   2.0000000e+00  -4.6568547e-01   3.5765371e-01  -1.3376874e+00   1.6896012e+00   1.1052223e+00  -4.9622781e-01
   2.0000000e+00   2.6372107e+00   9.4910439e-01   4.6525356e-01  -2.6443019e-01   5.7592834e-01  -5.3739993e-01
   2.0000000e+00   3.1733708e-01  -1.7085685e+00  -5.4455012e-01   3.0594728e-01   8.4191716e-01   2.3879058e+00
   2.0000000e+00  -1.0767158e+00  -1.0197250e+00   2.6679299e+00   1.7711033e+00   2.9308902e-01   1.3981258e+00
   2.0000000e+00   8.5825737e-01   1.6745991e-01  -7.2153951e-02  -9.4212004e-01  -2.2714659e+00   1.0419564e+00
   1.0000000e+00  -7.8763783e-01   3.8863491e-01  -3.9463649e-01   8.1877245e-01  -2.2276106e-01  -4.0331024e-01
   1.0000000e+00  -4.3426879e-01  -2.2514173e-01  -7.7759477e-01   8.1794363e-01   1.0361189e+00  -1.5198300e-01
   2.0000000e+00  -7.7786482e-01  -3.5683173e-01  -1.1963698e+00  -3.9930056e-02  -3.3740006e-01  -8.3217867e-01
   2.0000000e+00  -1.7464720e-01  -4.0448701e-01  -6.5627049e-01   1.1247733e+00  -1.4309736e+00  -1.0607710e+00
   2.0000000e+00   6.8841709e-01  -1.8763711e-01  -4.5551292e-01  -1.9949384e+00   5.7935212e-01  -9.6629621e-03
   1.0000000e+00   1.0875666e+00   6.6665634e-01  -2.9614764e-01   4.1895123e-01  -9.0650685e-01   7.0216109e-01
   2.0000000e+00  -5.6029859e-01  -5.1658708e-01  -1.0381441e+00   1.5313183e+00  -4.2962478e-02   2.1311304e+00
   2.0000000e+00  -1.3698181e+00   1.5598626e+00   1.0706127e+00   1.7576475e-01  -5.3757393e-02   1.9272541e+00
   2.0000000e+00  -1.1720451e+00   1.0048376e-01   5.3125046e-01   1.2780579e+00  -1.3222993e+00   1.4668030e+00
   2.0000000e+00  -1.4158996e+00   8.1148087e-01   5.2583525e-02  -5.2502402e-01   6.3030210e-02  -9.1532138e-01
   1.0000000e+00   1.3534752e+00  -1.9043134e-01   1.7175138e+00   8.1768950e-01   3.6303132e-01  -1.9192746e-01
   2.0000000e+00  -1.3476510e-01   2.4754710e-01  -3.7231427e-01   9.4806479e-01  -2.9141474e-01   7.2003821e-01
   1.0000000e+00   1.3895191e+00   1.4790375e+00  -3.6132248e-02   1.8618534e-01  -3.4690264e-01  -3.5021753e-01
   2.0000000e+00   1.3019888e-01  -1.3035824e+00  -9.6823299e-01  -3.5095460e-01   4.1793232e-01  -2.8608328e-02
   2.0000000e+00  -1.0027465e+00  -7.6779963e-01   6.5212431e-01  -1.4704349e+00   8.9803745e-01   2.4009759e+00
   2.0000000e+00  -1.5376696e-01   6.1713895e-01   2.3224920e+00  -2.8667421e-01  -1.8135338e+00  -9.6913752e-01
   2.0000000e+00   1.5855612e+00  -1.1274530e+00   1.0372548e+00   1.1553041e+00   4.3388181e-01   1.8430958e+00
   2.0000000e+00  -3.0977331e-01  -3.9787419e-01  -5.2706226e-01   1.9237608e+00   7.4867036e-01   1.6804005e-01
   2.0000000e+00  -1.1506504e+00  -3.0855016e-01  -5.5851738e-01  -9.1498600e-01  -6.7204951e-01   1.4470846e+00
   2.0000000e+00   1.9629678e+00  -1.9507166e-01   1.2865807e-01   9.9083610e-01  -9.3087972e-03  -4.6410037e-01
   2.0000000e+00   1.8876490e+00  -9.3743048e-01   1.1543823e+00  -7.5857151e-01   2.3065018e+00   5.3311371e-01
   2.0000000e+00  -3.2441688e-02  -8.3666931e-01  -7.8165210e-01   1.0909824e+00   5.0173001e-01  -3.2889842e-01
   2.0000000e+00  -5.2247359e-01  -1.7975850e-01  -1.2263064e-01  -1.8155947e+00   1.0729914e+00  -7.3076458e-01
   2.0000000e+00   1.1266534e+00   1.1523103e+00  -7.0704203e-02  -6.5598187e-01  -5.3583866e-01  -1.7525372e-01
   2.0000000e+00  -1.2453963e-01   8.6524997e-01   1.1508087e-01  -1.7338553e+00  -8.6789917e-01  -1.1699532e+00
   2.0000000e+00   8.9531946e-01   7.7653286e-01  -1.2219917e-01  -4.3928132e-01   1.3895999e+00  -1.4215709e-01
   2.0000000e+00   5.8057453e-01   2.3694605e-01  -1.1031532e+00  -9.8919836e-01   1.7722785e-01  -6.3755877e-01
   2.0000000e+00  -9.2084806e-01  -9.5585394e-01   4.8305976e-01  -2.9847925e-01   8.1130743e-01   2.1306610e+00
   2.0000000e+00  -2.3176333e+00   5.2524462e-01   1.4184664e+00  -3.6480718e-01   1.1095585e+00  -4.5675327e-02
   2.0000000e+00   1.7470206e-01   2.4294564e+00  -1.5111675e+00  -1.7332398e+00   1.9551455e-02  -6.0566956e-01
   2.0000000e+00  -1.4622253e+00   1.6034946e+00   1.1086450e+00  -1.5604764e+00  -1.0892766e+00   5.2807107e-01
   2.0000000e+00   2.9727958e-02   9.9349075e-01  -8.5640861e-01  -3.2636275e-01  -1.3862348e-01   8.0291994e-01
   2.0000000e+00  -1.0677176e+00   2.1096707e+00   5.7229022e-01   9.6764221e-01  -1.0509361e+00   1.0976134e+00
   2.0000000e+00   1.9725271e+00  -2.8514379e-01   8.2718429e-01  -1.3606706e+00   5.0735499e-01   3.2383249e-01
   2.0000000e+00   8.6226943e-01  -1.0868740e+00   7.7643145e-01  -2.9720073e-03  -1.2980944e+00  -5.0074787e-03
   2.0000000e+00   2.1638912e-01   5.4536933e-01   1.3686421e+00   6.1825496e-01   1.4595436e+00   8.1010272e-01
   2.0000000e+00  -1.0802904e+00   1.9390870e+00   6.1677432e-01   1.1215109e+00  -2.0259433e-01  -4.4603957e-01
   1.0000000e+00  -4.8854927e-01  -1.0961894e+00   3.4936983e-01   3.5976720e-01  -5.6777465e-01  -4.6101931e-01
   2.0000000e+00  -5.3833523e-01   1.9506748e+00   1.1670214e+00  -7.3903705e-01   9.2516515e-01  -1.7681016e-02
   2.0000000e+00   8.2955478e-01   7.4276339e-01   2.8354418e-01   5.4529735e-01   7.1263042e-02   1.5846372e+00
   2.0000000e+00   2.2036056e-01  -1.9642087e-01  -1.1352398e+00  -7.5057925e-01   4.7791060e-01  -2.8212152e-01
   2.0000000e+00   1.2526017e+00  -6.3668611e-01   5.3675060e-01  -2.3737151e+00  -1.3375066e+00  -2.2288342e-01
   2.0000000e+00  -1.0342346e+00   4.9861002e-01  -1.3607756e+00   9.1887794e-01  -1.9961486e-01   1.3994922e+00
   2.0000000e+00   6.6892769e-01  -5.5114201e-01  -1.1494108e+00  -2.8896225e-01  -7.2807664e-01  -6.7834593e-01
   2.0000000e+00   7.3791594e-01   1.0550011e+00  -3.2112847e-01  -1.2075847e+00  -5.6396052e-01  -1.3703486e+00
   2.0000000e+00  -4.1818647e-01   7.3608361e-03   1.1798781e+00  -2.9511694e-02  -7.2427432e-01  -5.5440791e-01
   2.0000000e+00  -5.3790995e-01  -4.2513232e-01   1.1565662e+00  -9.9779765e-02  -1.5796175e+00  -2.4599763e+00
   1.0000000e+00  -1.1354483e+00  -8.0297198e-01  -1.7214694e+00   1.2443154e-01   1.5376216e-01  -6.1699116e-01
   2.0000000e+00   3.7591853e-02  -1.0530128e+00   2.0916377e+00   1.4879125e+00   2.2966261e+00  -1.3612172e+00
   2.0000000e+00  -3.2608834e-01  -8.1285935e-02   1.7185728e-01   1.2831690e+00   8.5623967e-01   3.5262974e-01
   2.0000000e+00   7.4661272e-01  -1.5215138e+00  -9.6264079e-03   1.0746925e+00  -6.0524969e-01  -1.6601232e+00
   2.0000000e+00   5.9705600e-01   4.8587356e-01   1.0756793e+00   7.5706928e-01  -1.3465276e+00  -1.8104764e+00
   2.0000000e+00  -1.9692747e+00  -1.4523179e+00   7.6531594e-01   1.6322799e+00   1.9650340e+00  -1.8936393e-01
   2.0000000e+00   3.0384076e-01  -1.4389918e+00   1.9996795e+00  -2.2617817e-01  -8.9945469e-01  -7.8735543e-01
   2.0000000e+00  -1.5951200e+00   1.6516043e+00  -3.7204357e-01  -1.3073181e+00   1.2634200e-01  -1.5087925e+00
   1.0000000e+00   6.8419536e-02   3.0166430e-01   1.1037553e+00   8.2535217e-01  -1.0447098e+00  -1.3573554e-01
   2.0000000e+00   6.7257096e-01   1.9639561e+00   6.8311848e-02  -5.3662536e-01  -1.1654188e+00   3.4598474e-01
   2.0000000e+00  -7.2994923e-02  -1.5834907e-01   2.5370289e-01  -5.4856663e-01  -4.7547064e-01   3.5629847e-01
   2.0000000e+00  -2.0402714e-01   9.7230331e-01  -2.3634877e+00   1.1670473e+00   2.1012452e-01  -3.8208344e-01
   2.0000000e+00  -1.0764379e+00  -1.6910610e+00   9.7589544e-01  -2.4455533e-01   2.1001025e+00  -1.7053661e-01
   2.0000000e+00  -1.4439728e+00  -1.5386655e+00   1.6256831e+00   1.7784236e-01  -1.0469163e+00   1.1865689e+00
   2.0000000e+00  -1.2632960e+00  -3.5986986e-01   1.1027179e+00  -2.1021982e+00   3.4539092e-01  -9.0662128e-01
   2.0000000e+00  -1.1934517e+00   7.0321438e-01   8.8812169e-01   2.0561926e+00   6.0897733e-01   1.2178213e+00
   1.0000000e+00   2.9091992e-01   2.2845010e-01   1.2364687e+00   4.9260324e-01   1.6316923e-01   7.5113912e-01
   1.0000000e+00   7.1357805e-02  -2.6690857e+00  -2.1064339e+00   1.0172869e-01  -2.0796126e+00   5.2278291e-01
   2.0000000e+00   2.2737902e+00  -1.8136009e-01  -6.0168660e-02  -6.3421100e-01  -1.2024844e-01   1.8659951e+00
   2.0000000e+00  -1.1709354e+00  -1.2525904e+00   1.8135851e+00  -1.0764026e+00   9.4374157e-01  -7.4203784e-01
   1.0000000e+00  -3.9106700e-01   1.0748458e+00   1.3461609e+00   4.7484725e-01  -1.5548143e+00  -8.5653969e-01
   1.0000000e+00  -4.6951992e-01   7.1551755e-01  -6.1826516e-03   5.3088334e-01  -9.7682633e-01   4.4485253e-01
   2.0000000e+00   6.6471531e-01  -2.1782020e+00   1.1647720e+00  -7.6243310e-01   7.8492801e-01   1.0831777e+00
   2.0000000e+00  -2.5981369e+00  -3.4267049e-01  -1.2530257e+00   1.5032189e+00   1.8146365e+00   1.8309932e-01
   1.0000000e+00  -3.0713029e-01  -1.3500195e+00  -5.3470201e-01   2.6434639e-01  -2.4779480e+00   2.0212157e-01
   2.0000000e+00  -1.2139465e+00  -1.8609621e-01   2.6762822e-01   1.4588703e+00  -7.2003542e-01   2.5882090e+00
   2.0000000e+00   1.5151544e-01  -1.8964703e+00   1.5534290e+00  -6.1917323e-01  -2.3313885e-01   1.3079493e+00
   2.0000000e+00   7.1817688e-01  -1.1470206e+00  -1.9867014e+00  -5.3727498e-01   8.7855113e-01  -2.0862106e+00
   2.0000000e+00   8.6575561e-01   1.9554396e+00  -1.3072049e-01  -8.8070113e-01   7.5993451e-01  -9.7266228e-01
   2.0000000e+00   5.2586164e-01  -1.4065692e+00   1.1379922e+00   1.3090990e+00   3.3581454e-01  -1.0208503e+00
   1.0000000e+00  -5.0567677e-01  -7.2288455e-01  -1.0296913e+00   1.3735132e-01  -9.9031423e-01   2.6454632e-01
   2.0000000e+00  -3.9402907e-01  -7.9322937e-01  -1.6538513e+00  -1.8364262e+00   2.9377366e-01   9.1298482e-02
   2.0000000e+00   3.2392764e-01  -2.3035356e-01   1.0763982e+00  -2.2726932e-01   8.7131957e-01  -4.8237172e-01
   2.0000000e+00  -6.3604938e-01   3.0568016e-01  -1.0478583e+00  -2.7976932e-01   8.8645176e-01  -9.5333750e-02
   2.0000000e+00  -1.3349483e+00  -1.2573700e-01   1.7030721e+00  -1.5292572e-01   1.1012186e+00  -8.8887642e-01
   2.0000000e+00  -9.2293663e-02  -5.7388788e-02  -5.0337174e-02  -9.6657701e-01   5.8420090e-01   6.5009141e-02
   2.0000000e+00   9.4140829e-01  -2.6644552e-01   3.5479833e-01  -5.6197327e-01   8.9948024e-01  -1.1365399e+00
   2.0000000e+00  -1.1852839e-01   5.0051423e-01   3.6543444e-02  -4.2333434e-01  -2.8614623e-01  -2.6745945e-01
   2.0000000e+00   8.9960757e-01   3.9754193e-03   1.5099500e+00  -4.5870988e-01   1.7855715e-01  -1.0126167e-01
   1.0000000e+00   5.2124999e-01  -1.8838553e+00   9.9549293e-02   7.7458419e-02  -2.8728478e-01  -8.9743577e-01
   1.0000000e+00   1.3242129e+00   2.9239066e+00  -4.9713484e-01   4.4937430e-01  -1.1639916e+00   3.4330708e-01
   2.0000000e+00  -1.3317916e+00   8.0127812e-02   1.1323239e+00  -7.0920529e-01  -5.6104170e-01   1.5937629e+00
   2.0000000e+00  -1.2689807e-01   5.6587517e-01   6.9216137e-01   3.3750206e-03  -2.1096405e-01  -1.3032653e+00
   1.0000000e+00  -7.4789507e-01   8.9889373e-01   2.8031370e-01   2.0734894e-01  -1.8579906e+00  -2.0108466e-01
   2.0000000e+00   9.9383877e-02  -1.2476889e-02   2.7855868e-01  -6.0410426e-01  -1.8886195e+00  -7.5543353e-01
   2.0000000e+00  -1.7395268e-02   9.6949353e-01  -2.0842465e+00   2.6116428e+00   1.1025262e+00   2.3365603e-01
   2.0000000e+00   1.2358113e+00   2.1696759e+00   3.7945284e-01  -2.1811473e+00   7.0751508e-01   6.3909979e-01
   2.0000000e+00  -5.4940252e-01   2.3063222e-01  -9.0615634e-01  -5.3932226e-01   1.3230540e+00   8.8426244e-01
   1.0000000e+00  -1.1167892e-01   3.8270548e-01   3.6806384e-01   1.5054663e-01   1.9874013e+00   9.4138993e-01
   2.0000000e+00   6.7242547e-01   1.0524112e+00  -1.2034629e+00   5.0200249e-01   1.0214261e+00  -1.1677137e+00
   2.0000000e+00   1.1410449e+00  -4.4591855e-01  -1.4003487e+00  -1.3655425e+00   2.1680778e-01   2.3829504e+00
   1.0000000e+00  -1.6070592e+00   1.1355862e+00  -2.8279694e-01   1.3433796e-01   6.6225838e-01  -7.4135610e-01
   2.0000000e+00  -6.3817687e-02   2.7605856e-01  -8.4986794e-01   1.0677133e-01  -8.1555020e-01  -1.1507032e+00
   2.0000000e+00   8.7965804e-02   1.0449255e-01  -1.1224706e+00   1.3042009e+00   5.9366771e-02  -2.9889138e+00
   2.0000000e+00  -2.4158281e-02   1.4543821e+00  -8.4669282e-01   4.4394132e-02  -7.3775028e-02  -1.0470943e+00
   2.0000000e+00   4.2892842e-01   7.3088551e-02   7.8904536e-01   1.5945062e+00   1.2287220e+00  -1.4095099e+00
   2.0000000e+00   1.7528324e+00  -1.0036294e+00  -1.2267403e+00  -1.1604908e+00  -3.5399483e-01   6.7524895e-01
   2.0000000e+00   7.6569835e-01  -6.2199159e-01   1.0758385e+00  -1.6566121e+00  -2.9081149e-01   1.1631589e+00
   2.0000000e+00  -8.6176682e-01   5.6885322e-01   4.5412949e-01  -1.4263501e+00   1.2247658e+00   6.1725302e-01
   2.0000000e+00  -1.0774814e-02  -1.0211250e+00  -2.8094068e+00   5.6726902e-01   6.2959693e-01  -2.3323899e+00
   2.0000000e+00   7.3405268e-01  -4.7410253e-01  -2.3982774e+00   1.0734211e+00   2.7812648e-01   1.9623124e-01
   1.0000000e+00  -4.1343323e-01  -1.5426608e+00   2.4667317e-01   1.6036068e-01  -1.8515955e+00  -6.5816491e-02
   1.0000000e+00  -7.0163385e-01  -2.1449347e+00  -2.7259930e-01   9.2439562e-01  -1.9409526e+00  -2.5255590e-02
   2.0000000e+00  -7.8898989e-01  -5.8613916e-01   1.7915622e+00  -5.0930291e-01   1.3533788e-01  -1.6298133e-01
   2.0000000e+00  -2.9402287e-01   1.4154738e-01  -1.7561299e-01  -1.8327367e-01   3.2395735e+00   2.0561888e+00
   2.0000000e+00  -9.9532699e-01   2.8346293e-01  -5.6541432e-01   1.7346166e+00  -3.0647351e-01  -1.5763032e+00
   2.0000000e+00  -1.4739991e-01   8.0362573e-01   2.6825213e-01  -4.9154919e-01   1.8157826e-02  -2.4996274e-01
   2.0000000e+00   2.6947535e-01   2.0169719e+00   2.5906245e-01  -3.4890847e-01  -1.4217312e-01  -1.7577177e-01
   2.0000000e+00   6.6465524e-01   7.5400778e-01   1.4131040e+00  -6.3227852e-01  -1.1605181e+00   1.4898844e-03
   1.0000000e+00   9.0651977e-01   1.6745776e+00  -2.3039580e-01   8.1151157e-01  -6.5512872e-01  -5.0785375e-01
   2.0000000e+00   9.4731849e-01   7.3163002e-01  -2.9125966e-01   9.0211558e-01  -7.3744357e-01   6.1131268e-01
   2.0000000e+00  -7.5750611e-01  -1.0827241e+00  -7.3073427e-01  -8.1880357e-01   7.0547876e-01   1.3484547e-01
   2.0000000e+00   3.0962505e-01  -5.3790988e-01  -1.2776690e+00   1.1408135e+00   4.1782243e-01  -5.6877007e-01
   2.0000000e+00  -2.1778072e+00  -4.5557656e-01  -4.4421566e-01  -2.4263446e-02   1.7284297e+00  -2.0679100e+00
   2.0000000e+00  -6.9182743e-02  -6.0279568e-01   5.8716917e-02   1.0057469e+00   1.2667649e+00  -1.3724583e+00
   2.0000000e+00  -1.5842322e-02  -3.3497669e-01  -1.2540180e+00  -1.9395755e-01   3.0373614e-01  -2.9401011e-01
   2.0000000e+00  -9.1953104e-01  -2.5476509e-01   7.5820097e-01  -1.0206246e+00  -1.8242690e+00  -1.2512467e+00
   2.0000000e+00  -9.5788964e-01  -1.1832842e+00  -2.3973369e+00  -4.5371646e-01   1.1804032e+00   1.0591053e-01
   2.0000000e+00   1.5447785e+00  -2.3816238e-01   8.8756711e-01   1.8477935e+00   3.1821020e+00   1.6610753e-01
   1.0000000e+00  -3.9121640e-02   5.8925167e-01   3.0001075e-01   6.3833458e-01  -1.1788813e-01  -5.8066895e-01
   1.0000000e+00  -8.4584673e-01   7.3442351e-01   7.0264164e-01   3.0775794e-01   8.6393043e-02  -2.1872232e-01
   2.0000000e+00  -3.5363223e-01  -6.1358118e-01  -1.8565117e+00  -9.6165852e-01   3.7913732e-01   1.2537818e+00
   1.0000000e+00   1.2936852e+00   2.8990228e-01  -4.8562086e-01   1.3505214e-01  -9.2905873e-01  -2.4513069e-01
   2.0000000e+00   1.6401345e+00   2.7136311e-01   4.0246424e-01   1.6602668e-02   1.0013601e+00  -1.1003672e+00
   2.0000000e+00   1.6441014e+00  -1.8131322e+00  -1.0148370e+00  -6.6178666e-01   6.7297294e-01   1.9198243e+00
   2.0000000e+00  -1.6753718e+00   3.2462149e-01  -5.8709515e-01   8.4368032e-01   9.7981556e-01   3.0215286e+00
   2.0000000e+00  -6.8078905e-01  -1.0047094e+00  -3.5543843e-01  -1.9061211e+00   1.8332732e-01  -2.8812268e-01
   2.0000000e+00   1.3585495e+00  -6.0732349e-01  -1.4762734e+00  -1.4887409e-01  -1.1041145e+00  -8.9637859e-01
